{
 "cells": [
  {
   "cell_type": "code",
   "execution_count": null,
   "metadata": {},
   "outputs": [
    {
     "data": {
      "text/plain": [
       "load_model (generic function with 1 method)"
      ]
     },
     "metadata": {},
     "output_type": "display_data"
    }
   ],
   "source": [
    "function load_model() \n",
    "    \n",
    "    nNodes = 5\n",
    "    \n",
    "    #Solomon c101:\n",
    "    Dt = [\n",
    "        0 18.6815416922694 20.6155281280883 16.1245154965971 18.1107702762748 15.1327459504216 19 16 18.1107702762748 20.0997512422418 16.7630546142402 19.6468827043885 38.0788655293195 30.8058436014987 39.3573373083089 36.0555127546399 40.3112887414927 33.3016516106934 35.3553390593274 39.0512483795333 10 10.1980390271856 12.1655250605964 13 15 15.1327459504216 15.8113883008419 17.1172427686237 17.7200451466694 20 20.6155281280883 33.5410196624968 31.6227766016838 33.5261092284804 32.3882694814033 38.0788655293195 35.3553390593274 39.2937654087770 41.2310562561766 40.3112887414927 20.6155281280883 18.6815416922694 19.3132079158280 16.5529453572469 21.5406592285380 22.3606797749979 20.5912602819740 18.0277563773199 23.3238075793812 19.2093727122985 22.8035085019828 25 21.2132034355964 45.1774279923061 40.0499687890016 35.0570962859162 45 35 45.0444225182208 35.0570962859162 45.2769256906871 22.3606797749979 18.0277563773199 14.1421356237310 21.5406592285380 12.8062484748657 16.5529453572469 12.2065556157337 20.6155281280883 15.8113883008419 58.5234995535981 57.0087712549569 23.8537208837531 55.7135531087365 19.8494332412792 15.8113883008419 52.2015325445528 52 50.2891638427206 51.0783711564885 51.4781507049350 47.4341649025257 35.3553390593274 32.3882694814033 31.0483493925201 29.7321374946370 26.4764045897475 25.4950975679639 26.9258240356725 24.3515913237718 20.6155281280883 22.3606797749979 44.2040722106007 43.0116263352131 40.6078810084939 37.2021504754766 36.0555127546399 40.3112887414927 30.8058436014987 33.5410196624968 0\n",
    "        18.6815416922694 0 2 3.60555127546399 3 4.24264068711929 5.09901951359278 5.38516480713450 7 7.28010988928052 10.1980390271856 10.0498756211209 26.2488094968134 24.0416305603426 28.6006992921502 27.7308492477241 30.2324329156620 27.8926513619627 30.8058436014987 32.3109888428070 23.4307490277200 21.9317121994613 23.3452350598575 21.4009345590327 26.9072480941474 25.6124969497314 23.8537208837531 27.2029410174709 25.5538646783613 30.8058436014987 28.1780056072107 48.1040538832228 44.8218696620299 46.4004310324807 43.5660418215839 51.8555686498567 46.1410879802373 51.3127664426700 53 50.5371150739731 39.2937654087770 37.3630833845388 37.9473319220206 35.1140997321589 40.1621712560464 40.8533964316310 39 36.2491379207837 41.6293165929973 37.1214223865412 40.7062648740952 42.9418211071678 38.5875627631495 63.0079360080935 58.0775343829264 53.0848377599480 63.1981012372998 53.2353266168247 63.3876959669619 53.4602656184946 63.7887137352682 38.3275357934736 33.3766385365573 28.4429253066558 38.1182371050918 28.1602556806574 33.0605505096331 28.0713376952364 38 33 62.8012738724303 59.9082632030006 38.8329756778952 60.4400529450463 33.9558536926993 3 55.8032257132148 57.3846669416143 54.2033209314706 56.6392090340252 58.7281874401041 51.8555686498567 32.6955654485436 29.9666481275434 26.9258240356725 24.3515913237718 24.6981780704569 23.8537208837531 21.5406592285380 20.5912602819740 19.8494332412792 17 27.8028775489157 26.2488094968134 24.4131112314674 20.8086520466848 19.2093727122985 22.6715680975093 14.7648230602334 15.6204993518133 18.6815416922694\n",
    "        20.6155281280883 2 0 5 3.60555127546399 5.83095189484530 5.09901951359278 6.40312423743285 7.28010988928052 7 10.7703296142690 10.0498756211209 25 23.5372045918796 27.4590604354920 26.9258240356725 29.1547594742265 27.4590604354920 30.4138126514911 31.6227766016838 25 23.4307490277200 24.7588368062799 22.6715680975093 28.2842712474619 26.9072480941474 25 28.4253408071038 26.6270539113887 32.0156211871642 29.1547594742265 49.4974746830583 46.0977222864644 47.6340214552582 44.6542271235322 53.1507290636732 47.1699056602830 52.4309069156733 54.0832691319598 51.4781507049350 41.2310562561766 39.2937654087770 39.8497176903426 37 42.0594816896262 42.7200187265877 40.8533964316310 38.0788655293195 43.4626276242015 38.9101529166874 42.4852915724960 44.7213595499958 40.3112887414927 65.0076918525800 60.0749531835024 55.0817574156816 65.1920240520265 55.2268050859363 65.3758365147246 55.4436651025165 65.7647321898295 40.3112887414927 35.3553390593274 30.4138126514911 40.1123422402632 30.1496268633627 35.0570962859162 30.0665927567458 40 35 64.0312423743285 61.0327780786685 40.7921561087423 61.7170964968379 35.9026461420325 5 57.0087712549569 58.7281874401041 55.4436651025165 58 60.2079728939615 53.1507290636732 33.5410196624968 30.8868904229610 27.7308492477241 25.0798724079689 25.8069758011279 25 22.3606797749979 21.6333076527839 21.2132034355964 18.0277563773199 26.6270539113887 25 23.3238075793812 19.7230829233160 18.0277563773199 21.2132034355964 13.9283882771841 14.1421356237310 20.6155281280883\n",
    "        16.1245154965971 3.60555127546399 5 0 2 1 3.60555127546399 2 4.47213595499958 5.65685424949238 7 7.61577310586391 25.4950975679639 21.9317121994613 27.5862284482674 26.0768096208106 29.0688837074973 25.6320112359526 28.4604989415154 30.4138126514911 20 18.4390889145858 19.7989898732233 17.8044938147649 23.3452350598575 22.0227155455452 20.2484567313166 23.6008474424119 21.9544984001002 27.2029410174709 24.5967477524977 44.5533388198909 41.2310562561766 42.8018691180654 39.9624824053762 48.2700735445887 42.5440947723653 47.7074417675063 49.3963561409139 46.9574275274956 36.6742416417845 34.7131099154196 35.1710107901380 32.2800247831380 37.3630833845388 37.9473319220206 36.0555127546399 33.2415402771893 38.6264158316559 34.0147027033899 37.5765884561119 39.8120584747888 35.3553390593274 61.0327780786685 56 51 61.0327780786685 51.0392006206994 61.1310068623117 51.1566222497147 61.4003257320350 36.8781778291716 32.0156211871642 27.2029410174709 36.4965751817893 26.6833281282527 31.4006369362152 26.4764045897475 36.1247837363769 31.1448230047949 64.0702739185654 61.4003257320350 37.6430604494374 61.6116872029975 32.8937684067971 3.16227766016838 57.1401785086466 58.4123274660409 55.4707129934347 57.6281181368956 59.4138031100518 53.0094331227943 34.7850542618522 31.9530906173409 29.1204395571221 26.6833281282527 26.4007575648882 25.4950975679639 23.7697286480094 22.4722050542442 21.0950231097290 18.9736659610103 31.4006369362152 29.8328677803526 28.0178514522438 24.4131112314674 22.8035085019828 26.1725046566048 18.3575597506858 19.1049731745428 16.1245154965971\n",
    "        18.1107702762748 3 3.60555127546399 2 0 3 2.23606797749979 2.82842712474619 4 4.47213595499958 7.28010988928052 7.07106781186548 24.0416305603426 21.1896201004171 26.2488094968134 25.0599281722833 27.8028775489157 25 27.8926513619627 29.5465734053883 21.6333076527839 20 21.2602916254693 19.1049731745428 24.7588368062799 23.3452350598575 21.4009345590327 24.8394846967484 23.0217288664427 28.4253408071038 25.5538646783613 45.9673797382448 42.5205832509386 44.0454310910905 41.0487515035476 49.5782210249622 43.5660418215839 48.8262224629348 50.4777178564959 47.8852795752515 38.6393581727233 36.6742416417845 37.1079506305589 34.2052627529741 39.2937654087770 39.8497176903426 37.9473319220206 35.1140997321589 40.4969134626332 35.8468966578698 39.3954312071844 41.6293165929973 37.1214223865412 63.0317380372777 58 53 63.0317380372777 53.0377224247045 63.1268564083465 53.1507290636732 63.3876959669619 38.8329756778952 33.9558536926993 29.1204395571221 38.4707681233427 28.6356421265527 33.3766385365573 28.4429253066558 38.1182371050918 33.1360830515618 65.2150289427215 62.4339651151519 39.5600808897050 62.8012738724303 34.7850542618522 4.24264068711929 58.2494635168428 59.6657355607052 56.6127194188726 58.8982172905089 60.8111831820431 54.2033209314706 35.4682957019364 32.6955654485436 29.7321374946370 27.2029410174709 27.2946881279124 26.4196896272458 24.3515913237718 23.2594066992260 22.2036033111745 19.6977156035922 30.2324329156620 28.6006992921502 26.9258240356725 23.3238075793812 21.6333076527839 24.7588368062799 17.4642491965730 17.6918060129541 18.1107702762748\n",
    "        15.1327459504216 4.24264068711929 5.83095189484530 1 3 0 4.47213595499958 2.23606797749979 5 6.40312423743285 7.07106781186548 8.06225774829855 26.2488094968134 22.3606797749979 28.2842712474619 26.6270539113887 29.7321374946370 26 28.7923600977759 30.8868904229610 19.2093727122985 17.6918060129541 19.1049731745428 17.2046505340853 22.6715680975093 21.4009345590327 19.7230829233160 23.0217288664427 21.4709105535839 26.6270539113887 24.1660919471891 43.8634243989226 40.6078810084939 42.2018956920184 39.4461658466320 47.6340214552582 42.0594816896262 47.1699056602830 48.8773976393997 46.5188133984520 35.6931365951495 33.7342555868660 34.2052627529741 31.3209195267317 36.4005494464026 37 35.1140997321589 32.3109888428070 37.6961536499415 33.1058907144937 36.6742416417845 38.9101529166874 34.4818792991333 60.0333240792145 55 50 60.0333240792145 50.0399840127872 60.1331855134916 50.1597448159378 60.4069532421558 35.9026461420325 31.0483493925201 26.2488094968134 35.5105618091294 25.7099202643649 30.4138126514911 25.4950975679639 35.1283361405006 30.1496268633627 63.5137780328017 60.9015599143405 36.6878726556883 61.0327780786685 31.9530906173409 3 56.6038867923396 57.8013840664737 54.9181208709839 57.0087712549569 58.7281874401041 52.4309069156733 34.4818792991333 31.6227766016838 28.8617393793236 26.4764045897475 26 25.0798724079689 23.5372045918796 22.1359436211787 20.5912602819740 18.6815416922694 32.0156211871642 30.4795013082563 28.6006992921502 25 23.4307490277200 26.9072480941474 18.8679622641132 19.8494332412792 15.1327459504216\n",
    "        19 5.09901951359278 5.09901951359278 3.60555127546399 2.23606797749979 4.47213595499958 0 3 2.23606797749979 2.23606797749979 5.83095189484530 5 21.9317121994613 18.9736659610103 24.0831891575846 22.8254244210267 25.6124969497314 22.8035085019828 25.7099202643649 27.3130005674953 21.4709105535839 19.7230829233160 20.8086520466848 18.4390889145858 24.2074368738204 22.6715680975093 20.5182845286832 24.0416305603426 22.0227155455452 27.5862284482674 24.4131112314674 45.3431361950185 41.7252920900501 43.1856457633784 40 48.7954915950234 42.4381903478459 47.8016736108685 49.4064773081425 46.6476151587624 39.3192065026750 37.3363094051889 37.6563407675255 34.7131099154196 39.8120584747888 40.2616442783948 38.3275357934736 35.4400902933387 40.8044115262063 36.0555127546399 39.5600808897050 41.7851648315524 37.1618083521241 64.1248781675256 59.0338885725818 54.0370243444252 64 54 64.0312423743285 54.0370243444252 64.1950153828161 40.2616442783948 35.4400902933387 30.6757233003559 39.8120584747888 30.0832179129826 34.7131099154196 29.8328677803526 39.3192065026750 34.3656805548792 67.4240313241503 64.6606526413088 41.1096095821889 65 36.4005494464026 6.40312423743285 60.4648658313239 61.8465843842649 58.8217646794110 61.0737259384099 62.9364759102383 56.4003546088143 37.6961536499415 34.9284983931460 31.9530906173409 29.4108823397055 29.5296461204668 28.6530975637888 26.5706605111728 25.4950975679639 24.4131112314674 21.9317121994613 31.3847096529504 29.6816441593117 28.1780056072107 24.5967477524977 22.8254244210267 25.6124969497314 18.9736659610103 18.6010752377383 19\n",
    "        16 5.38516480713450 6.40312423743285 2 2.82842712474619 2.23606797749979 3 0 2.82842712474619 4.47213595499958 5 5.83095189484530 24.2074368738204 20.1246117974981 26.1725046566048 24.4131112314674 27.5862284482674 23.7697286480094 26.5706605111728 28.6530975637888 18.8679622641132 17.2046505340853 18.4390889145858 16.2788205960997 21.9317121994613 20.5182845286832 18.6010752377383 22.0227155455452 20.2484567313166 25.6124969497314 22.8254244210267 43.1393092202460 39.6988664825584 41.2310562561766 38.2753184180093 46.7546789102438 40.8166632639171 46.0434577328854 47.7074417675063 45.1774279923061 36.3455636907725 34.3656805548792 34.7131099154196 31.7804971641414 36.8781778291716 37.3630833845388 35.4400902933387 32.5729949498047 37.9473319220206 33.2415402771893 36.7695526217005 39 34.4383507154451 61.1310068623117 56.0357029044876 51.0392006206994 61 51 61.0327780786685 51.0392006206994 61.2045749923974 37.3630833845388 32.5729949498047 27.8567765543682 36.8781778291716 27.2029410174709 31.7804971641414 26.9258240356725 36.3455636907725 31.4006369362152 65.7343137181792 63.1347764706584 38.2753184180093 63.2455532033676 33.6154726279432 5.09901951359278 58.8302643203309 60 57.1401785086466 59.2030404624627 60.8769250208977 54.6443043692570 36.6878726556883 33.8378486313773 31.0483493925201 28.6356421265527 28.2311884269862 27.3130005674953 25.7099202643649 24.3515913237718 22.8254244210267 20.8806130178211 33.0151480384384 31.4006369362152 29.6816441593117 26.0768096208106 24.4131112314674 27.5862284482674 20.1246117974981 20.5182845286832 16\n",
    "        18.1107702762748 7 7.28010988928052 4.47213595499958 4 5 2.23606797749979 2.82842712474619 0 2 3.60555127546399 3.16227766016838 21.4009345590327 17.4642491965730 23.3452350598575 21.6333076527839 24.7588368062799 21.1896201004171 24.0416305603426 25.9422435421457 19.6977156035922 17.8885438199983 18.8679622641132 16.4012194668567 22.2036033111745 20.6155281280883 18.3847763108502 21.9317121994613 19.8494332412792 25.4558441227157 22.2036033111745 43.2781700167648 39.5979797464467 41.0365690573664 37.8021163428716 46.6690475583121 40.2243707222375 45.6070170039655 47.2016948848238 44.4184646290256 38.1182371050918 36.1247837363769 36.3455636907725 33.3766385365573 38.4707681233427 38.8329756778952 36.8781778291716 33.9558536926993 39.2937654087770 34.4818792991333 37.9473319220206 40.1621712560464 35.4682957019364 63.2850693291870 58.1377674149945 53.1507290636732 63.0317380372777 53.0377224247045 63 53 63.0713881248859 39.8497176903426 35.1140997321589 30.4630924234556 39.2937654087770 29.7321374946370 34.2052627529741 29.4108823397055 38.6393581727233 33.7342555868660 68.5054742338158 65.8634952003005 40.8533964316310 66.0302960768767 36.2491379207837 7.61577310586391 61.5873363606513 62.8012738724303 59.9082632030006 62.0080639917100 63.7024332345319 57.4282160614449 39.2173431022552 36.4005494464026 33.5261092284804 31.0483493925201 30.8706980808663 29.9666481275434 28.1602556806574 26.9258240356725 25.5538646783613 23.4093998214393 33.6154726279432 31.9061122670876 30.4138126514911 26.8328157299975 25.0599281722833 27.8028775489157 21.1896201004171 20.8086520466848 18.1107702762748\n",
    "        20.0997512422418 7.28010988928052 7 5.65685424949238 4.47213595499958 6.40312423743285 2.23606797749979 4.47213595499958 2 0 5 3.16227766016838 19.8494332412792 16.7630546142402 21.9317121994613 20.5912602819740 23.4307490277200 20.6155281280883 23.5372045918796 25.0798724079689 21.5406592285380 19.6977156035922 20.5912602819740 18.0277563773199 23.8537208837531 22.2036033111745 19.8494332412792 23.4307490277200 21.2132034355964 26.9072480941474 23.4307490277200 44.8218696620299 41.0365690573664 42.4264068711929 39.0512483795333 48.1040538832228 41.4004830889689 46.8614980554399 48.4148737476408 45.4862616621766 40.1123422402632 38.1182371050918 38.3275357934736 35.3553390593274 40.4474968323134 40.7921561087423 38.8329756778952 35.9026461420325 41.2310562561766 36.4005494464026 39.8497176903426 42.0594816896262 37.3363094051889 65.2763356814704 60.1331855134916 55.1452627158490 65.0307619515564 55.0363516232681 65 55 65.0691939399898 41.7612260356422 37 32.3109888428070 41.2310562561766 31.6227766016838 36.1386219991853 31.3209195267317 40.6078810084939 35.6931365951495 69.6347614342147 66.8879660327626 42.7200187265877 67.2011904656458 38.0788655293195 8.60232526704263 62.6817357768593 64.0312423743285 61.0327780786685 63.2534584034739 65.0691939399898 58.6003412959345 39.9249295553543 37.1618083521241 34.1760149812701 31.6227766016838 31.7647603485372 30.8868904229610 28.7923600977759 27.7308492477241 26.6270539113887 24.1660919471891 32.6496554346290 30.8868904229610 29.5465734053883 26 24.1660919471891 26.6270539113887 20.6155281280883 19.7230829233160 20.0997512422418\n",
    "        16.7630546142402 10.1980390271856 10.7703296142690 7 7.28010988928052 7.07106781186548 5.83095189484530 5 3.60555127546399 5 0 3 21.4709105535839 15.8113883008419 23.0217288664427 20.5182845286832 24.2074368738204 19.2353840616713 21.9317121994613 24.4131112314674 16.7630546142402 14.8660687473185 15.6524758424985 13.0384048104053 18.8679622641132 17.2046505340853 14.8660687473185 18.4390889145858 16.2788205960997 21.9317121994613 18.6010752377383 39.8246155034798 36.0693775937429 37.4833296279826 34.2052627529741 43.1393092202460 36.6196668472011 42.0119030752000 43.6004587131833 40.8166632639171 36 34 34.0587727318528 31.0644491340181 36.1247837363769 36.3455636907725 34.3656805548792 31.4006369362152 36.6742416417845 31.7804971641414 35.1710107901380 37.3630833845388 32.5729949498047 61.6603600378720 56.4358042380899 51.4781507049350 61.2045749923974 51.2445119012758 61.0737259384099 51.0881590977792 61 39 34.4383507154451 30.0166620396073 38.2753184180093 29.0688837074973 33.2415402771893 28.6356421265527 37.3630833845388 32.5729949498047 69.9714227381436 67.5351760196122 40.2492235949962 67.4166151627327 35.8468966578698 10.0498756211209 63.1347764706584 64.0702739185654 61.4003257320350 63.2455532033676 64.6606526413088 58.8302643203309 41.4849370253831 38.6005181312376 35.9026461420325 33.5410196624968 32.8937684067971 31.9530906173409 30.5941170815567 29.1204395571221 27.3130005674953 25.7099202643649 37.2155881318568 35.5105618091294 34 30.4138126514911 28.6530975637888 31.4006369362152 24.6981780704569 24.4131112314674 16.7630546142402\n",
    "        19.6468827043885 10.0498756211209 10.0498756211209 7.61577310586391 7.07106781186548 8.06225774829855 5 5.83095189484530 3.16227766016838 3.16227766016838 3 0 18.8679622641132 14.3178210632764 20.6155281280883 18.6010752377383 21.9317121994613 18.0277563773199 20.8806130178211 22.8254244210267 19.6468827043885 17.7200451466694 18.3847763108502 15.6524758424985 21.4709105535839 19.7230829233160 17.2046505340853 20.8086520466848 18.4390889145858 24.2074368738204 20.5182845286832 42.2018956920184 38.2883794381533 39.6232255123179 36.1247837363769 45.3431361950185 38.4187454245971 43.9317652729776 45.4532727094541 42.4381903478459 39 37 37.0540146272978 34.0587727318528 39.1152144312159 39.3192065026750 37.3363094051889 34.3656805548792 39.6232255123179 34.7131099154196 38.0788655293195 40.2616442783948 35.4400902933387 64.6297145282261 59.4138031100518 54.4518135602479 64.1950153828161 54.2309874518250 64.0702739185654 54.0832691319598 64 41.7851648315524 37.1618083521241 32.6496554346290 41.1096095821889 31.7804971641414 36.0555127546399 31.3847096529504 40.2616442783948 35.4400902933387 71.5611626512594 68.9637585982667 42.9534631898291 69.0651865993280 38.4707681233427 10.7703296142690 64.6606526413088 65.8027355054484 62.9682459657247 65 66.6033032213869 60.4648658313239 42.3792402008342 39.5600808897050 36.6878726556883 34.2052627529741 34.0147027033899 33.1058907144937 31.3209195267317 30.0832179129826 28.6530975637888 26.5706605111728 35.7770876399966 34 32.6955654485436 29.1547594742265 27.3130005674953 29.6816441593117 23.7697286480094 22.8254244210267 19.6468827043885\n",
    "        38.0788655293195 26.2488094968134 25 25.4950975679639 24.0416305603426 26.2488094968134 21.9317121994613 24.2074368738204 21.4009345590327 19.8494332412792 21.4709105535839 18.8679622641132 0 10.4403065089106 3 7.07106781186548 5 12.2065556157337 14.1421356237310 11.1803398874989 35.3553390593274 33.3766385365573 33.1360830515618 30.1496268633627 35 33 30 33.0605505096331 30.0665927567458 35.3553390593274 30.4138126514911 52.2015325445528 47.4341649025257 48.1040538832228 43.4626276242015 53.8516480713450 44.7213595499958 50.5371150739731 51.4781507049350 47.1699056602830 55.9016994374947 53.9351462406472 53.6003731330296 50.6359556046887 55.4436651025165 55.2268050859363 53.2353266168247 50.2493781056045 55.0817574156816 50.0899191454728 53.0094331227943 55 50 82.2253002426869 76.9025357189215 72.0347138538080 81.3941029804985 71.5891053163818 81.0493676718085 71.1969100453103 80.6225774829855 60.4152298679729 55.9016994374947 51.4781507049350 59.6154342431555 50.5371150739731 54.6260011349907 50.0899191454728 58.5234995535981 53.8516480713450 89.0224690738243 86.0232526704263 61.7170964968379 86.6833317310774 57.3061951275776 28.2842712474619 82.0060973342836 83.6301381082203 80.4300938703916 82.8794304999739 84.8528137423857 78.1024967590665 58.3095189484530 55.7584074378026 52.4785670536077 49.7393204617836 50.8035431835222 50 47.1699056602830 46.6154480832267 46.0977222864644 43.0116263352131 42 40 40.1123422402632 37.3363094051889 35.3553390593274 35 34.4818792991333 30.4138126514911 38.0788655293195\n",
    "        30.8058436014987 24.0416305603426 23.5372045918796 21.9317121994613 21.1896201004171 22.3606797749979 18.9736659610103 20.1246117974981 17.4642491965730 16.7630546142402 15.8113883008419 14.3178210632764 10.4403065089106 0 10 5.38516480713450 10.1980390271856 4 7 8.60232526704263 26.2488094968134 24.3515913237718 23.7697286480094 20.8806130178211 25.1793566240283 23.1948270094864 20.2237484161567 23.0217288664427 20.0249843945008 25.0798724079689 20.0997512422418 41.7612260356422 37 37.6961536499415 33.1058907144937 43.4626276242015 34.4818792991333 40.3112887414927 41.3400532171888 37.2021504754766 46.8401537145215 44.9221548904324 44.3846820423443 41.4849370253831 46.0977222864644 45.7055795281058 43.7378554572581 40.7921561087423 45.3982378512647 40.4474968323134 43.1856457633784 45.0998891351187 40.1123422402632 73.3757453113766 68.0073525436772 63.2455532033676 72.2772439983706 62.6418390534633 71.8052922840650 62.0966987850401 71.1969100453103 53 48.8262224629348 44.8218696620299 51.9711458407451 43.6004587131833 47.1699056602830 43.0116263352131 50.5371150739731 46.1410879802373 85.7554662980734 83.2406150866270 54.6443043692570 83.2165848854662 50.6063237155200 25.0798724079689 78.8923316932641 79.8811617341661 77.1751255262990 79.0569415042095 80.4300938703916 74.6257328272225 56.6480361530742 53.8516480713450 50.9215082258961 48.3838816136118 48.3321838943783 47.4236228055175 45.5411901469428 44.3846820423443 42.9418211071678 40.8533964316310 46.0977222864644 44.1474801092882 43.5660418215839 40.3112887414927 38.3275357934736 39.2937654087770 36 33.3766385365573 30.8058436014987\n",
    "        39.3573373083089 28.6006992921502 27.4590604354920 27.5862284482674 26.2488094968134 28.2842712474619 24.0831891575846 26.1725046566048 23.3452350598575 21.9317121994613 23.0217288664427 20.6155281280883 3 10 0 5.38516480713450 2 10.7703296142690 12.2065556157337 8.60232526704263 35.9026461420325 33.9558536926993 33.5410196624968 30.5941170815567 35.1283361405006 33.1360830515618 30.1496268633627 33.0151480384384 30.0166620396073 35.0570962859162 30.0665927567458 51.4198405287298 46.5725240887801 47.1274866717927 42.3792402008342 52.8109837060436 43.4626276242015 49.2442890089805 50.0899191454728 45.6508488420533 56.5154846037792 54.5710545985690 54.1294744108974 51.1957029446808 55.9016994374947 55.5787729263610 53.6003731330296 50.6359556046887 55.3263047744922 50.3587132480567 53.1507290636732 55.0817574156816 50.0899191454728 82.9698740507662 77.6208734813001 72.8010988928052 82 72.2772439983706 81.5843122174846 71.8052922840650 81.0493676718085 61.7170964968379 57.3061951275776 53 60.8358446970205 51.9711458407451 55.9016994374947 51.4781507049350 59.6154342431555 55.0363516232681 91.4002188181188 88.4816365128946 63.1347764706584 89.0224690738243 58.8302643203309 30.4795013082563 84.4037913840368 85.9127464349732 82.8009661779378 85.1469318296320 87 80.4300938703916 60.9015599143405 58.3095189484530 55.0726792520575 52.3545604508337 53.2541078227774 52.4309069156733 49.7393204617836 49.0917508345343 48.4148737476408 45.4862616621766 45 43 43.1045241245046 40.3112887414927 38.3275357934736 38 37.3630833845388 33.3766385365573 39.3573373083089\n",
    "        36.0555127546399 27.7308492477241 26.9258240356725 26.0768096208106 25.0599281722833 26.6270539113887 22.8254244210267 24.4131112314674 21.6333076527839 20.5912602819740 20.5182845286832 18.6010752377383 7.07106781186548 5.38516480713450 5.38516480713450 0 5 5.38516480713450 7.07106781186548 5 31.6227766016838 29.7321374946370 29.1204395571221 26.2488094968134 30.4138126514911 28.4429253066558 25.4950975679639 28.1602556806574 25.1793566240283 30 25 46.0977222864644 41.2310562561766 41.7612260356422 37 47.4341649025257 38.0788655293195 43.8634243989226 44.7213595499958 40.3112887414927 52.2015325445528 50.2891638427206 49.7292670366254 46.8401537145215 51.4198405287298 50.9901951359279 49.0306026885251 46.0977222864644 50.6359556046887 45.7055795281058 48.3735464897913 50.2493781056045 45.2769256906871 78.7464284904401 73.3757453113766 68.6221538571911 77.6208734813001 68.0073525436772 77.1297607930947 67.4462749156690 76.4852927038918 58.3095189484530 54.0832691319598 50 57.3061951275776 48.8262224629348 52.4785670536077 48.2597140480546 55.9016994374947 51.4781507049350 90.1387818865997 87.4642784226795 59.9082632030006 87.6584280032445 55.8032257132148 29.1547594742265 83.2165848854662 84.4037913840368 81.5414005275848 83.6002392341075 85.1469318296320 79.0569415042095 60.4152298679729 57.6974869470066 54.6260011349907 52 52.3545604508337 51.4781507049350 49.2442890089805 48.3011387029333 47.1699056602830 44.7213595499958 47.2652091923859 45.2769256906871 45.0444225182208 42 40 40.3112887414927 38.3275357934736 35 36.0555127546399\n",
    "        40.3112887414927 30.2324329156620 29.1547594742265 29.0688837074973 27.8028775489157 29.7321374946370 25.6124969497314 27.5862284482674 24.7588368062799 23.4307490277200 24.2074368738204 21.9317121994613 5 10.1980390271856 2 5 0 10.1980390271856 11.1803398874989 7.07106781186548 36.4005494464026 34.4818792991333 33.9558536926993 31.0483493925201 35.3553390593274 33.3766385365573 30.4138126514911 33.1360830515618 30.1496268633627 35 30 50.9901951359279 46.0977222864644 46.5725240887801 41.7612260356422 52.2015325445528 42.7200187265877 48.4664832642105 49.2442890089805 44.7213595499958 57.0087712549569 55.0817574156816 54.5710545985690 51.6623654123580 56.2938717801503 55.9016994374947 53.9351462406472 50.9901951359279 55.5787729263610 50.6359556046887 53.3385414123784 55.2268050859363 50.2493781056045 83.5224520712844 78.1600921186765 73.3757453113766 82.4621125123532 72.8010988928052 82 72.2772439983706 81.3941029804985 62.6498204307083 58.3095189484530 54.0832691319598 61.7170964968379 53 56.8242905807015 52.4785670536077 60.4152298679729 55.9016994374947 93.0053761886914 90.1387818865997 64.1404708432983 90.6035319399857 59.9082632030006 32.0156211871642 86.0232526704263 87.4585616163449 84.4037913840368 86.6833317310774 88.4590300647707 82.0060973342836 62.6498204307083 60.0333240792145 56.8242905807015 54.1202365109392 54.9181208709839 54.0832691319598 51.4781507049350 50.7740090991444 50 47.1699056602830 47 45 45.0998891351187 42.2965719651132 40.3112887414927 40 39.2937654087770 35.3553390593274 40.3112887414927\n",
    "        33.3016516106934 27.8926513619627 27.4590604354920 25.6320112359526 25 26 22.8035085019828 23.7697286480094 21.1896201004171 20.6155281280883 19.2353840616713 18.0277563773199 12.2065556157337 4 10.7703296142690 5.38516480713450 10.1980390271856 0 3 5.83095189484530 27.7308492477241 25.9422435421457 25.0798724079689 22.3606797749979 25.9615099714943 24.0416305603426 21.1896201004171 23.5372045918796 20.6155281280883 25.0798724079689 20.0997512422418 40.7921561087423 35.9026461420325 36.4005494464026 31.6227766016838 42.0594816896262 32.6955654485436 38.4837628097877 39.3573373083089 34.9857113690718 48.1040538832228 46.2385120867876 45.5411901469428 42.7200187265877 47.1274866717927 46.5725240887801 44.6430285710994 41.7612260356422 46.0977222864644 41.2310562561766 43.7378554572581 45.5411901469428 40.6078810084939 74.6726188103779 69.2892488052800 64.6219776856140 73.3757453113766 63.9061812346818 72.8010988928052 63.2455532033676 72.0347138538080 55.2177507691141 51.2249938994628 47.4236228055175 54.0832691319598 46.0977222864644 49.4064773081425 45.4532727094541 52.4785670536077 48.2597140480546 89.1852005660132 86.7698104181403 57.0087712549569 86.6083136886985 53.1507290636732 28.7923600977759 82.3650411278960 83.2165848854662 80.6225774829855 82.3771813064759 83.6002392341075 78.0320446995976 60.4069532421558 57.5847201955519 54.7083174663597 52.2015325445528 52 51.0783711564885 49.3355855341760 48.1040538832228 46.5188133984520 44.5982062419555 50.0099990002000 48.0520551069359 47.5184174820669 44.2831796509691 42.2965719651132 43.1740662898458 40 37.3363094051889 33.3016516106934\n",
    "        35.3553390593274 30.8058436014987 30.4138126514911 28.4604989415154 27.8926513619627 28.7923600977759 25.7099202643649 26.5706605111728 24.0416305603426 23.5372045918796 21.9317121994613 20.8806130178211 14.1421356237310 7 12.2065556157337 7.07106781186548 11.1803398874989 3 0 5 29.1547594742265 27.4590604354920 26.4196896272458 23.8537208837531 26.9258240356725 25.0798724079689 22.3606797749979 24.3515913237718 21.5406592285380 25.4950975679639 20.6155281280883 40.3112887414927 35.3553390593274 35.6931365951495 30.8058436014987 41.2310562561766 31.6227766016838 37.3363094051889 38.0788655293195 33.5410196624968 49.2442890089805 47.4236228055175 46.6154480832267 43.8634243989226 48.1040538832228 47.4341649025257 45.5411901469428 42.7200187265877 46.8401537145215 42.0594816896262 44.3846820423443 46.0977222864644 41.2310562561766 75.7693869580585 70.3846574190711 65.7951365983839 74.3303437365925 65 73.6817480791546 64.2572953056694 72.8010988928052 57.0087712549569 53.1507290636732 49.4974746830583 55.8032257132148 48.1040538832228 51.2249938994628 47.4236228055175 54.0832691319598 50 91.7877987534291 89.4427190999916 58.8982172905089 89.1852005660132 55.1724568965349 31.6227766016838 85 85.7554662980734 83.2406150866270 84.9058301885094 86.0232526704263 80.6225774829855 63.2455532033676 60.4069532421558 57.5673518584970 55.0817574156816 54.7813836992094 53.8516480713450 52.2015325445528 50.9215082258961 49.2442890089805 47.4341649025257 52.9528091794949 50.9901951359279 50.4876222454574 47.2652091923859 45.2769256906871 46.0977222864644 43 40.3112887414927 35.3553390593274\n",
    "        39.0512483795333 32.3109888428070 31.6227766016838 30.4138126514911 29.5465734053883 30.8868904229610 27.3130005674953 28.6530975637888 25.9422435421457 25.0798724079689 24.4131112314674 22.8254244210267 11.1803398874989 8.60232526704263 8.60232526704263 5 7.07106781186548 5.83095189484530 5 0 33.5410196624968 31.7647603485372 30.8706980808663 28.1780056072107 31.6227766016838 29.7321374946370 26.9258240356725 29.1204395571221 26.2488094968134 30.4138126514911 25.4950975679639 45.2769256906871 40.3112887414927 40.6078810084939 35.6931365951495 46.0977222864644 36.4005494464026 42.0594816896262 42.7200187265877 38.0788655293195 53.8516480713450 52 51.2640224719052 48.4664832642105 52.8109837060436 52.2015325445528 50.2891638427206 47.4341649025257 51.6623654123580 46.8401537145215 49.2442890089805 50.9901951359279 46.0977222864644 80.4114419718985 75.0266619276108 70.3846574190711 79.0569415042095 69.6419413859206 78.4474346298208 68.9492567037528 77.6208734813001 61.0327780786685 57.0087712549569 53.1507290636732 59.9082632030006 51.8555686498567 55.2177507691141 51.2249938994628 58.3095189484530 54.0832691319598 94.3398113205660 91.7877987534291 62.8012738724303 91.8095855561934 58.8982172905089 33.5410196624968 87.4642784226795 88.4816365128946 85.7554662980734 87.6584280032445 89.0224690738243 83.2165848854662 65 62.2414652783817 59.2368128784796 56.6480361530742 56.7978872846517 55.9016994374947 53.8516480713450 52.8015151297763 51.4781507049350 49.2442890089805 52.2398315464359 50.2493781056045 50.0399840127872 47 45 45.2769256906871 43.2897216438267 40 39.0512483795333\n",
    "        10 23.4307490277200 25 20 21.6333076527839 19.2093727122985 21.4709105535839 18.8679622641132 19.6977156035922 21.5406592285380 16.7630546142402 19.6468827043885 35.3553390593274 26.2488094968134 35.9026461420325 31.6227766016838 36.4005494464026 27.7308492477241 29.1547594742265 33.5410196624968 0 2 2.82842712474619 5.38516480713450 5 5.38516480713450 7.07106781186548 7.28010988928052 8.60232526704263 10 11.1803398874989 25 22.3606797749979 24.1660919471891 22.5610283453570 29.1547594742265 25.4950975679639 29.7321374946370 31.6227766016838 30.4138126514911 20.6155281280883 18.6815416922694 18.2482875908947 15.2970585407784 20.0997512422418 20 18 15 20.0997512422418 15.1327459504216 18.4390889145858 20.6155281280883 15.8113883008419 47.1274866717927 41.7612260356422 37 46.0977222864644 36.4005494464026 45.7055795281058 35.9026461420325 45.2769256906871 28.2842712474619 25 22.3606797749979 26.9072480941474 20.5912602819740 22.6715680975093 19.7230829233160 25 21.2132034355964 68.0073525436772 66.7083203206317 30.4795013082563 65.1459898996093 27.4590604354920 21.2132034355964 61.8465843842649 61.3514466007119 59.9082632030006 60.4069532421558 60.4152298679729 57.0087712549569 45.2769256906871 42.2965719651132 40.7921561087423 39.2937654087770 36.3455636907725 35.3553390593274 36.4005494464026 33.9558536926993 30.4138126514911 31.6227766016838 50.9313263129874 49.4974746830583 47.4236228055175 43.8634243989226 42.4264068711929 46.0977222864644 37.5366487582469 39.0512483795333 10\n",
    "        10.1980390271856 21.9317121994613 23.4307490277200 18.4390889145858 20 17.6918060129541 19.7230829233160 17.2046505340853 17.8885438199983 19.6977156035922 14.8660687473185 17.7200451466694 33.3766385365573 24.3515913237718 33.9558536926993 29.7321374946370 34.4818792991333 25.9422435421457 27.4590604354920 31.7647603485372 2 0 2 3.60555127546399 5.38516480713450 5 5.83095189484530 7 7.61577310586391 10.1980390271856 10.4403065089106 26.2488094968134 23.3238075793812 25.0599281722833 23.0867927612304 30.2324329156620 25.9615099714943 30.4630924234556 32.3109888428070 30.8058436014987 22.5610283453570 20.6155281280883 20.2237484161567 17.2626765016321 22.0907220343745 22 20 17 22.0907220343745 17.1172427686237 20.3960780543711 22.5610283453570 17.7200451466694 49.0407993409569 43.6806593356831 38.8973006775534 48.0520551069359 38.3275357934736 47.6759897642409 37.8549864614954 47.2652091923859 29.7321374946370 26.2488094968134 23.3238075793812 28.4253408071038 21.6333076527839 24.0416305603426 20.8086520466848 26.6270539113887 22.6715680975093 68.6221538571911 67.1863081289633 31.8276609256791 65.7875368135941 28.6006992921502 19.8494332412792 62.3618473106755 62.0322496770833 60.4400529450463 61.0982814815605 61.2698947281616 57.5673518584970 45.0998891351187 42.1070065428546 40.4474968323134 38.8329756778952 36.1247837363769 35.1283361405006 35.9026461420325 33.5410196624968 30.1496268633627 31.0483493925201 49.5782210249622 48.1040538832228 46.0977222864644 42.5205832509386 41.0365690573664 44.5982062419555 36.2353418639869 37.5366487582469 10.1980390271856\n",
    "        12.1655250605964 23.3452350598575 24.7588368062799 19.7989898732233 21.2602916254693 19.1049731745428 20.8086520466848 18.4390889145858 18.8679622641132 20.5912602819740 15.6524758424985 18.3847763108502 33.1360830515618 23.7697286480094 33.5410196624968 29.1204395571221 33.9558536926993 25.0798724079689 26.4196896272458 30.8706980808663 2.82842712474619 2 0 3 3.60555127546399 3 4.24264068711929 5 5.83095189484530 8.24621125123532 8.54400374531753 24.7588368062799 21.6333076527839 23.3238075793812 21.1896201004171 28.6006992921502 24.0416305603426 28.6356421265527 30.4630924234556 28.8617393793236 23.0867927612304 21.1896201004171 20.6155281280883 17.7200451466694 22.3606797749979 22.0907220343745 20.0997512422418 17.1172427686237 22 17 20.0997512422418 22.2036033111745 17.2626765016321 49.6487663492256 44.2718872423573 39.5600808897050 48.5077313425396 38.8973006775534 48.0520551069359 38.3275357934736 47.5184174820669 31.1126983722081 27.8028775489157 25.0599281722833 29.7321374946370 23.3238075793812 25.4950975679639 22.4722050542442 27.8028775489157 24.0416305603426 70.5195008490559 69.1230786351418 33.3016516106934 67.6756972627545 30.2324329156620 21.4009345590327 64.2884126417817 63.9061812346818 62.3618473106755 62.9682459657247 63.0713881248859 59.4810894318522 47.0956473572665 44.1021541423999 42.4264068711929 40.7921561087423 38.1182371050918 37.1214223865412 37.8549864614954 35.5105618091294 32.1403173599764 32.9848450049413 51.0881590977792 49.5782210249622 47.6340214552582 44.0454310910905 42.5205832509386 45.9673797382448 37.8021163428716 38.8973006775534 12.1655250605964\n",
    "        13 21.4009345590327 22.6715680975093 17.8044938147649 19.1049731745428 17.2046505340853 18.4390889145858 16.2788205960997 16.4012194668567 18.0277563773199 13.0384048104053 15.6524758424985 30.1496268633627 20.8806130178211 30.5941170815567 26.2488094968134 31.0483493925201 22.3606797749979 23.8537208837531 28.1780056072107 5.38516480713450 3.60555127546399 3 0 5.83095189484530 4.24264068711929 3 5.83095189484530 5 9.43398113205660 8 26.9072480941474 23.4307490277200 25 22.3606797749979 30.4795013082563 25.0798724079689 30.0166620396073 31.7647603485372 29.7321374946370 25.9615099714943 24.0416305603426 23.5372045918796 20.6155281280883 25.3179778023443 25.0798724079689 23.0867927612304 20.0997512422418 25 20 23.0867927612304 25.1793566240283 20.2237484161567 52.4976189936268 47.1274866717927 42.3792402008342 51.4198405287298 41.7612260356422 50.9901951359279 41.2310562561766 50.4876222454574 33.3016516106934 29.7321374946370 26.6270539113887 32.0156211871642 25 27.5862284482674 24.2074368738204 30.2324329156620 26.2488094968134 71.5122367151245 69.9213844256534 35.3553390593274 68.7095335452075 32.0156211871642 19.7230829233160 65.1459898996093 65 63.2455532033676 64.0780773744032 64.4127316607517 60.4069532421558 47 44 42.1070065428546 40.3112887414927 38 37 37.3363094051889 35.1283361405006 32 32.3882694814033 49.2036584005702 47.6340214552582 45.8039299623951 42.2018956920184 40.6078810084939 43.8634243989226 36.0555127546399 36.7967389859482 13\n",
